<?xml version="1.0" encoding="UTF-8" standalone="no"?>
<!DOCTYPE svg PUBLIC "-//W3C//DTD SVG 20010904//EN"
              "http://www.w3.org/TR/2001/REC-SVG-20010904/DTD/svg10.dtd">

<svg xmlns="http://www.w3.org/2000/svg"
     width="4.44444in" height="3.33333in"
     viewBox="0 0 320 240">
  <path id="Bez nazwy #1"
        fill="none" stroke="black" stroke-width="1"
        d="M 84.00,165.91
           C 83.55,163.16 89.55,163.72 89.82,165.36
             89.86,167.53 89.16,167.53 87.56,167.91
             85.73,168.32 83.84,166.62 84.02,165.91M 86.00,168.64M 73.51,171.96
           C 73.65,173.12 93.50,169.36 92.69,176.81
             92.45,179.15 99.32,175.78 99.19,173.13
             99.70,171.49 106.16,165.59 104.81,169.88
             104.80,174.30 107.00,173.63 104.93,176.82
             106.67,176.42 99.67,181.57 100.73,184.18
             101.36,189.70 106.73,190.77 106.82,190.73
             107.27,191.65 111.63,194.50 110.64,192.09
             108.99,183.39 119.81,181.81 139.91,181.09
             170.36,175.21 186.27,187.20 178.36,188.73
             182.94,192.75 185.81,186.75 187.45,187.09
             203.64,199.70 212.50,200.81 214.00,201.00
             215.62,202.67 236.88,209.13 236.75,209.00
             236.75,209.00 247.50,212.50 247.50,212.50
             252.85,216.87 227.21,210.49 227.03,210.34M 106.75,183.81M 225.19,216.38M 108.75,153.38
           C 110.62,154.61 106.22,139.58 105.98,136.77
             107.99,136.79 99.71,53.00 99.67,53.00
             98.89,52.82 96.18,16.68 102.00,18.00
             101.94,16.39 106.58,27.77 106.67,30.00
             106.30,29.78 105.11,16.83 107.67,18.33
             109.31,16.06 117.25,24.24 116.00,25.97
             117.43,23.39 123.64,26.17 122.30,27.15
             125.26,28.81 129.19,34.63 129.97,36.52
             132.69,22.17 143.64,47.36 141.67,46.33
             150.35,43.75 158.41,63.08 154.91,64.12
             162.72,62.17 168.32,79.27 165.39,80.12
             166.19,79.30 175.33,90.71 170.82,95.33
             173.05,94.42 177.27,106.73 173.33,110.00
             175.56,109.41 177.73,122.02 172.00,123.33
             174.89,122.73 181.32,133.22 174.33,134.67
             176.46,134.21 180.57,143.57 177.00,144.33
             180.54,142.62 182.83,150.16 178.33,152.33
             179.94,151.83 183.52,159.13 179.67,160.33
             183.47,162.18 181.59,170.55 178.88,169.23
             181.44,170.72 181.75,171.94 178.05,175.12
             180.41,171.37 206.58,184.71 201.64,185.73
             204.43,185.06 208.53,189.91 206.33,189.33
             208.77,189.02 217.70,195.23 214.33,195.67
             220.41,194.85 227.78,201.56 227.00,201.67
             227.00,201.67 249.67,213.00 249.67,213.00
             270.30,225.34 232.27,212.27 224.69,209.46
             221.56,209.13 199.53,207.37 199.35,207.46
             193.00,206.13 176.44,203.19 177.58,203.82
             183.78,210.30 167.91,206.48 161.91,207.48
             140.58,207.47 111.01,200.39 107.33,193.00
             107.40,193.25 95.23,188.09 94.67,186.00
             82.25,185.38 72.34,173.09 73.67,171.67
             73.67,171.67 66.33,171.33 66.33,171.33
             66.87,170.00 73.22,165.96 75.33,165.00
             83.66,146.45 104.33,150.67 108.67,153.33M 211.00,140.00M 210.55,182.27M 212.67,156.33" />
</svg>
